390    1.1e-21
395    2.1e-21
400    4.01e-21
405    7.23e-21
410    1.26e-20
415    2.10e-20
420    3.38e-20
425    5.250e-20
430    7.911e-20
435    1.156e-19
440    1.645e-19
445    2.281e-19
450    3.091e-19
455    4.1019e-19
460    5.3365e-19
465    6.8150e-19
470    8.5474e-19
475    1.0529e-18
480    1.2732e-18
485    1.5106e-18
490    1.7574e-18
495    2.0034e-18
500    2.2367e-18
505    2.4446e-18
510    2.6164e-18
515    2.7426e-18
520    2.8180e-18
525    2.8387e-18
530    2.8059e-18
535    2.7214e-18
540    2.5929e-18
545    2.4270e-18
550    2.2347e-18
555    2.0245e-18
560    1.8072e-18
565    1.5904e-18
570    1.3819e-18
575    1.1866e-18
580    1.0088e-18
585    8.5050e-19
590    7.1274e-19
595    5.9528e-19
600    4.9709e-19
605    4.1657e-19
610    3.518e-19
615    3.008e-19
620    2.615e-19
625    2.318e-19
630    2.098e-19
635    1.940e-19
640    1.830e-19
645    1.755e-19
650    1.705e-19
655    1.671e-19
660    1.647e-19
665    1.628e-19
670    1.611e-19
675    1.592e-19
680    1.568e-19
685    1.538e-19
690    1.504e-19
695    1.463e-19
700    1.417e-19
705    1.366e-19
710    1.310e-19
715    1.248e-19
720    1.185e-19
725    1.119e-19
730    1.053e-19
735    9.861e-20
740    9.199e-20
745    8.542e-20
750    7.896e-20
755    7.272e-20
760    6.672e-20
765    6.099e-20
770    5.556e-20
775    5.047e-20
780    4.569e-20
785    4.12e-20
790    3.71e-20
795    3.33e-20
800    2.98e-20
805    2.66e-20
810    2.37e-20
815    2.10e-20
820    1.86e-20
825    1.65e-20
830    1.45e-20
835    1.28e-20
840    1.12e-20
845    9.86e-21
850    8.64e-21
855    7.57e-21
860    6.61e-21
865    5.77e-21
870    5.0e-21
875    4.4e-21
880    3.8e-21
885    3.3e-21
890    2.9e-21
895    2.5e-21
900    2.2e-21
